   7       0 loop0 14 0 34 1 0 0 0 0 0 12 1 0 0 0 0 0 0
   7       1 loop1 4883 0 455910 1193 0 0 0 0 0 2924 1193 0 0 0 0 0 0
   7       2 loop2 73 0 2262 40 0 0 0 0 0 48 40 0 0 0 0 0 0
   7       3 loop3 53 0 2168 31 0 0 0 0 0 44 31 0 0 0 0 0 0
   7       4 loop4 301 0 19240 150 0 0 0 0 0 928 150 0 0 0 0 0 0
   7       5 loop5 5410 0 455022 545 0 0 0 0 0 3208 545 0 0 0 0 0 0
   7       6 loop6 77 0 2224 42 0 0 0 0 0 60 42 0 0 0 0 0 0
   7       7 loop7 52 0 2166 42 0 0 0 0 0 44 42 0 0 0 0 0 0
  11       0 sr0 11 0 5 1 0 0 0 0 0 24 1 0 0 0 0 0 0
   8       0 sda 147824 30883 11306652 195535 778156 889716 52931634 917370 0 856828 1112906 0 0 0 0 0 0
   8       1 sda1 172 504 12326 20 2 0 2 1 0 52 22 0 0 0 0 0 0
   8       2 sda2 2 0 4 0 0 0 0 0 0 8 0 0 0 0 0 0 0
   8       5 sda5 147525 30379 11289946 195504 778154 889716 52931632 917368 0 856812 1112873 0 0 0 0 0 0
   7       8 loop8 471 0 14334 145 0 0 0 0 0 804 145 0 0 0 0 0 0
   7       9 loop9 66 0 780 26 0 0 0 0 0 56 26 0 0 0 0 0 0
   7      12 loop12 1802 0 10860 142 0 0 0 0 0 244 142 0 0 0 0 0 0
   7      11 loop11 2187 0 53628 770 0 0 0 0 0 1420 770 0 0 0 0 0 0
   7      10 loop10 384 0 24304 100 0 0 0 0 0 976 100 0 0 0 0 0 0
   7      15 loop15 233 0 7050 78 0 0 0 0 0 504 78 0 0 0 0 0 0
   7      14 loop14 52 0 2170 26 0 0 0 0 0 48 26 0 0 0 0 0 0
   7      13 loop13 58 0 2216 57 0 0 0 0 0 68 57 0 0 0 0 0 0
   7      16 loop16 969 0 70326 1767 0 0 0 0 0 4468 1767 0 0 0 0 0 0
   7      17 loop17 43 0 696 33 0 0 0 0 0 48 33 0 0 0 0 0 0
   7      18 loop18 5123 0 458924 782 0 0 0 0 0 2440 782 0 0 0 0 0 0
   7      19 loop19 59 0 776 9 0 0 0 0 0 44 9 0 0 0 0 0 0
