   7       0 loop0 15 0 42 8 0 0 0 0 0 24 8 0 0 0 0 0 0
   7       1 loop1 4920 0 456602 1299 0 0 0 0 0 3052 1299 0 0 0 0 0 0
   7       2 loop2 129 0 4474 242 0 0 0 0 0 336 242 0 0 0 0 0 0
   7       3 loop3 97 0 4312 178 0 0 0 0 0 268 178 0 0 0 0 0 0
   7       4 loop4 432 0 28352 472 0 0 0 0 0 1604 472 0 0 0 0 0 0
   7       5 loop5 6121 0 527408 1799 0 0 0 0 0 5284 1799 0 0 0 0 0 0
   7       6 loop6 126 0 4332 192 0 0 0 0 0 204 192 0 0 0 0 0 0
   7       7 loop7 95 0 4302 264 0 0 0 0 0 312 264 0 0 0 0 0 0
  11       0 sr0 35 0 13 29 0 0 0 0 0 84 29 0 0 0 0 0 0
   8       0 sda 239706 42135 19187304 330429 1235804 1437882 85433498 1656536 0 1369560 1986966 0 0 0 0 0 0
   8       1 sda1 176 504 12358 66 2 0 2 1 0 72 68 0 0 0 0 0 0
   8       2 sda2 4 0 8 5 0 0 0 0 0 20 5 0 0 0 0 0 0
   8       5 sda5 239333 41631 19168602 330319 1235802 1437882 85433496 1656535 0 1369492 1986854 0 0 0 0 0 0
   7       8 loop8 529 0 17728 398 0 0 0 0 0 1132 398 0 0 0 0 0 0
   7       9 loop9 111 0 2908 224 0 0 0 0 0 252 224 0 0 0 0 0 0
   7      12 loop12 1847 0 12996 368 0 0 0 0 0 520 368 0 0 0 0 0 0
   7      11 loop11 2311 0 61006 1114 0 0 0 0 0 1884 1114 0 0 0 0 0 0
   7      10 loop10 550 0 34820 334 0 0 0 0 0 1644 334 0 0 0 0 0 0
   7      15 loop15 287 0 9332 311 0 0 0 0 0 848 311 0 0 0 0 0 0
   7      14 loop14 95 0 4314 221 0 0 0 0 0 292 221 0 0 0 0 0 0
   7      13 loop13 101 0 4360 235 0 0 0 0 0 256 235 0 0 0 0 0 0
   7      16 loop16 1075 0 76624 2077 0 0 0 0 0 5052 2077 0 0 0 0 0 0
   7      17 loop17 98 0 1442 285 0 0 0 0 0 332 285 0 0 0 0 0 0
   7      18 loop18 10007 0 941764 2434 0 0 0 0 0 6044 2434 0 0 0 0 0 0
   7      19 loop19 93 0 1448 114 0 0 0 0 0 176 114 0 0 0 0 0 0
   7      20 loop20 668 0 47726 461 0 0 0 0 0 2252 461 0 0 0 0 0 0
   7      21 loop21 11 0 28 8 0 0 0 0 0 12 8 0 0 0 0 0 0
