   7       0 loop0 14 0 34 5 0 0 0 0 0 16 5 0 0 0 0 0 0
   7       1 loop1 4355 0 318394 6469 0 0 0 0 0 7808 6469 0 0 0 0 0 0
   7       2 loop2 53 0 2168 1362 0 0 0 0 0 1220 1362 0 0 0 0 0 0
   7       3 loop3 45 0 702 1159 0 0 0 0 0 1048 1159 0 0 0 0 0 0
   7       4 loop4 63 0 2214 1299 0 0 0 0 0 1016 1299 0 0 0 0 0 0
   7       5 loop5 52 0 2170 1325 0 0 0 0 0 1212 1325 0 0 0 0 0 0
   7       6 loop6 61 0 2172 1642 0 0 0 0 0 1364 1642 0 0 0 0 0 0
   7       7 loop7 57 0 2202 1320 0 0 0 0 0 1092 1320 0 0 0 0 0 0
  11       0 sr0 11 0 5 7 0 0 0 0 0 28 7 0 0 0 0 0 0
   8       0 sda 45255 20759 3651652 74763 8999 17832 597610 12581 0 62996 87345 0 0 0 0 0 0
   8       1 sda1 156 1013 12454 36 3 0 10 0 0 56 36 0 0 0 0 0 0
   8       2 sda2 2 0 4 0 0 0 0 0 0 8 0 0 0 0 0 0 0
   8       5 sda5 44988 19746 3634946 74698 8996 17832 597600 12581 0 62972 87280 0 0 0 0 0 0
   7       8 loop8 52 0 2170 1249 0 0 0 0 0 1276 1249 0 0 0 0 0 0
   7       9 loop9 59 0 2186 1341 0 0 0 0 0 1292 1341 0 0 0 0 0 0
   7      11 loop11 43 0 698 1057 0 0 0 0 0 1020 1057 0 0 0 0 0 0
   7      10 loop10 52 0 2166 1064 0 0 0 0 0 1020 1064 0 0 0 0 0 0
   7      12 loop12 43 0 694 1029 0 0 0 0 0 1076 1029 0 0 0 0 0 0
   7      13 loop13 51 0 740 1094 0 0 0 0 0 1164 1094 0 0 0 0 0 0
   7      16 loop16 60 0 2176 1346 0 0 0 0 0 1308 1346 0 0 0 0 0 0
   7      14 loop14 599 0 42280 1962 0 0 0 0 0 3644 1962 0 0 0 0 0 0
   7      15 loop15 427 0 31470 1319 0 0 0 0 0 2364 1319 0 0 0 0 0 0
   7      17 loop17 56 0 2154 1255 0 0 0 0 0 1032 1255 0 0 0 0 0 0
   7      18 loop18 11 0 28 3 0 0 0 0 0 16 3 0 0 0 0 0 0
